0 0.5080449826989621 0.29671280276816614 0.18044982698961942 0.2612456747404846
0 0.8513840830449828 0.4610726643598616 0.17923875432525946 0.24740484429065737
0 0.718771626297578 0.2802768166089965 0.23858131487889275 0.31833910034602075
0 0.13866782006920417 0.8468858131487889 0.22889273356401385 0.2612456747404845
0 0.3336505190311419 0.504325259515571 0.1901384083044983 0.2612456747404844
0 0.22162629757785468 0.2673010380622837 0.19619377162629761 0.27854671280276816
0 0.05389273356401384 0.28114186851211076 0.10778546712802768 0.26816608996539787
0 0.1804498269896194 0.592560553633218 0.19377162629757788 0.22318339100346024
0 0.7296712802768163 0.7915224913494805 0.27006920415224855 0.41349480968858066
0 0.21980968858131486 0.08910034602076125 0.17560553633217993 0.17474048442906576
